[gd_scene load_steps=13 format=3 uid="uid://bqxstq58fhe0g"]

[ext_resource type="PackedScene" uid="uid://4xa6kajd2v6a" path="res://trial stuff/block.tscn" id="1_asl8s"]
[ext_resource type="PackedScene" uid="uid://bfpcrk2mw8nhp" path="res://trial stuff/fred.tscn" id="2_twceb"]
[ext_resource type="PackedScene" uid="uid://7ic7lkuu0plq" path="res://common/power_node.tscn" id="5_mf627"]

[sub_resource type="ProceduralSkyMaterial" id="ProceduralSkyMaterial_26f7v"]
sky_top_color = Color(0.12643, 0.4821, 0.663227, 1)
sky_horizon_color = Color(0.581607, 0.734251, 0.69914, 1)
ground_bottom_color = Color(0.2, 0.454902, 0.133333, 1)
ground_horizon_color = Color(0.581607, 0.734251, 0.69914, 1)

[sub_resource type="Sky" id="Sky_dtncy"]
sky_material = SubResource("ProceduralSkyMaterial_26f7v")

[sub_resource type="Environment" id="Environment_3yo7g"]
background_mode = 2
sky = SubResource("Sky_dtncy")
tonemap_mode = 2
glow_enabled = true

[sub_resource type="StandardMaterial3D" id="StandardMaterial3D_jftxc"]
albedo_color = Color(0.575, 0.49, 1, 1)
roughness = 0.5
emission_enabled = true
emission_energy_multiplier = 3.0

[sub_resource type="BoxMesh" id="BoxMesh_eeqgw"]
material = SubResource("StandardMaterial3D_jftxc")
size = Vector3(50, 0.5, 50)

[sub_resource type="BoxShape3D" id="BoxShape3D_g0wys"]
size = Vector3(50, 0.5, 50)

[sub_resource type="ProceduralSkyMaterial" id="ProceduralSkyMaterial_7mqq8"]
sky_top_color = Color(0.6, 0.454902, 0.54902, 1)
sky_horizon_color = Color(0.647059, 0.462745, 0.670588, 1)
ground_horizon_color = Color(0.647059, 0.439216, 0.670588, 1)

[sub_resource type="Sky" id="Sky_mgopr"]
sky_material = SubResource("ProceduralSkyMaterial_7mqq8")

[sub_resource type="Environment" id="Environment_e3wv1"]
background_mode = 2
sky = SubResource("Sky_mgopr")
ambient_light_source = 2
ambient_light_color = Color(0.780392, 0.388235, 0.172549, 1)
ssr_enabled = true
ssao_enabled = true

[node name="Level_tank" type="Node3D"]
transform = Transform3D(1, 0, 0, 0, 1, 0, 0, 0, 1, 0, 0.0726283, 0)

[node name="WorldEnvironment" type="WorldEnvironment" parent="."]
environment = SubResource("Environment_3yo7g")

[node name="Camera3D" type="Camera3D" parent="."]
transform = Transform3D(1, 0, 0, 0, 1, 0, 0, 0, 1, 2, 3, 6.17711)

[node name="floor" type="StaticBody3D" parent="."]
transform = Transform3D(1, 0, 0, 0, 1, 0, 0, 0, 1, 0, -0.25539, -0.0589361)
metadata/_edit_group_ = true

[node name="MeshInstance3D" type="MeshInstance3D" parent="floor"]
mesh = SubResource("BoxMesh_eeqgw")

[node name="CollisionShape3D" type="CollisionShape3D" parent="floor"]
shape = SubResource("BoxShape3D_g0wys")

[node name="DirectionalLight3D" type="DirectionalLight3D" parent="."]
transform = Transform3D(1, 0, 0, 0, 0.79615, 0.605099, 0, -0.605099, 0.79615, 0, 3.99918, 10.8928)
shadow_enabled = true

[node name="Fred" parent="." instance=ExtResource("2_twceb")]
transform = Transform3D(1, 0, 0, 0, 1, 0, 0, 0, 1, -0.958037, 0.778214, 1.49044)

[node name="BLOCKS" type="Node3D" parent="."]

[node name="Block" parent="BLOCKS" instance=ExtResource("1_asl8s")]
transform = Transform3D(0.929049, 0.343106, -0.138373, -0.369958, 0.861617, -0.347486, 0, 0.374024, 0.927419, -0.158326, 8.08026, 0)

[node name="Block2" parent="BLOCKS" instance=ExtResource("1_asl8s")]
transform = Transform3D(0.603347, 0.739597, -0.298276, -0.797479, 0.559556, -0.225666, -2.91169e-08, 0.374024, 0.927419, 0.789228, 9.14279, -2.50535)

[node name="Block3" parent="BLOCKS" instance=ExtResource("1_asl8s")]
transform = Transform3D(0.929049, 0.343106, -0.138373, -0.369958, 0.861617, -0.347486, 0, 0.374024, 0.927419, 0.0770917, 9.83194, 0)

[node name="Block4" parent="BLOCKS" instance=ExtResource("1_asl8s")]
transform = Transform3D(0.603347, 0.739597, -0.298276, -0.797479, 0.559556, -0.225666, -2.91169e-08, 0.374024, 0.927419, 1.02465, 10.8945, -2.50535)

[node name="powerNode" parent="." instance=ExtResource("5_mf627")]
transform = Transform3D(1, 0, 0, 0, 1, 0, 0, 0, 1, 2.28368, 0.869416, 0)

[node name="WorldEnvironment2" type="WorldEnvironment" parent="."]
environment = SubResource("Environment_e3wv1")
